State 2013  2014  2015  2016      
United States 14,5 0,1 11,7 0,1 9,4 0,1 8,6 0,1 
    
Alabama 13,6 0,4 12,1 0,4 10,1 0,3 9,1 0,3
Alaska 18,5 1,0 17,2 0,9 14,9 0,7 14,0 0,9
Arizona 17,1 0,4 13,6 0,3 10,8 0,3 10,0 0,3
Arkansas 16,0 0,5 11,8 0,4 9,5 0,4 7,9 0,4
California 17,2 0,2 12,4 0,1 8,6 0,1 7,3 0,1
Colorado 14,1 0,3 10,3 0,3 8,1 0,3 7,5 0,3
Connecticut 9,4 0,4 6,9 0,3 6,0 0,4 4,9 0,3
Delaware 9,1 0,7 7,8 0,7 5,9 0,6 5,7 0,5
District of Columbia 6,7 0,6 5,3 0,7 3,8 0,6 3,9 0,6
Florida 20,0 0,2 16,6 0,2 13,3 0,2 12,5 0,2
Georgia 18,8 0,3 15,8 0,3 13,9 0,3 12,9 0,3
Hawaii 6,7 0,4 5,3 0,4 4,0 0,3 3,5 0,4
Idaho 16,2 0,8 13,6 0,7 11,0 0,6 10,1 0,5
Illinois 12,7 0,2 9,7 0,2 7,1 0,2 6,5 0,2
Indiana 14,0 0,3 11,9 0,3 9,6 0,3 8,1 0,3
Iowa 8,1 0,3 6,2 0,3 5,0 0,3 4,3 0,2
Kansas 12,3 0,4 10,2 0,4 9,1 0,4 8,7 0,3
Kentucky 14,3 0,3 8,5 0,3 6,0 0,2 5,1 0,2
Louisiana 16,6 0,4 14,8 0,3 11,9 0,4 10,3 0,4
Maine 11,2 0,5 10,1 0,6 8,4 0,5 8,0 0,5
Maryland 10,2 0,3 7,9 0,3 6,6 0,2 6,1 0,3
Massachusetts 3,7 0,2 3,3 0,1 2,8 0,1 2,5 0,2
Michigan 11,0 0,2 8,5 0,2 6,1 0,1 5,4 0,1
Minnesota 8,2 0,3 5,9 0,2 4,5 0,2 4,1 0,2
Mississippi 17,1 0,5 14,5 0,5 12,7 0,4 11,8 0,4
Missouri 13,0 0,3 11,7 0,3 9,8 0,3 8,9 0,2
Montana 16,5 0,8 14,2 0,6 11,6 0,7 8,1 0,5
Nebraska 11,3 0,5 9,7 0,4 8,2 0,5 8,6 0,5
Nevada 20,7 0,6 15,2 0,5 12,3 0,4 11,4 0,5
New Hampshire 10,7 0,5 9,2 0,5 6,3 0,4 5,9 0,4
New Jersey 13,2 0,2 10,9 0,2 8,7 0,2 8,0 0,2
New Mexico 18,6 0,6 14,5 0,5 10,9 0,5 9,2 0,5
New York 10,7 0,2 8,7 0,1 7,1 0,1 6,1 0,1
North Carolina 15,6 0,3 13,1 0,3 11,2 0,2 10,4 0,2
North Dakota 10,4 0,8 7,9 0,7 7,8 0,7 7,0 0,6
Ohio 11,0 0,2 8,4 0,2 6,5 0,2 5,6 0,2
Oklahoma 17,7 0,3 15,4 0,3 13,9 0,3 13,8 0,3
Oregon 14,7 0,4 9,7 0,3 7,0 0,3 6,2 0,2
Pennsylvania 9,7 0,2 8,5 0,2 6,4 0,1 5,6 0,2
Rhode Island 11,6 0,7 7,4 0,6 5,7 0,6 4,3 0,5
South Carolina 15,8 0,4 13,6 0,4 10,9 0,3 10,0 0,3
South Dakota 11,3 0,7 9,8 0,5 10,2 0,6 8,7 0,5
Tennessee 13,9 0,3 12,0 0,3 10,3 0,3 9,0 0,2
Texas 22,1 0,2 19,1 0,2 17,1 0,2 16,6 0,2
Utah 14,0 0,5 12,5 0,5 10,5 0,5 8,8 0,4
Vermont. 7,2 0,6 5,0 0,4 3,8 0,4 3,7 0,4
Virginia 12,3 0,3 10,9 0,3 9,1 0,3 8,7 0,3
Washington 14,0 0,3 9,2 0,2 6,6 0,2 6,0 0,2
West Virginia 14,0 0,5 8,6 0,4 6,0 0,4 5,3 0,3
Wisconsin 9,1 0,2 7,3 0,2 5,7 0,2 5,3 0,2
Wyoming 13,4 0,9 12,0 0,8 11,5 1,0 11,5 1,0
